        1842   24307952.0    
           1   1095.94727    
           2   1978.83057    
           1  -1318.89404    
           2  -2481.52734    
           3  -34.2114258    
           1   5687.34570    
           2  -1419.54297    
           3  -138.603516    
           1  -2851.83423    
           2   3402.86328    
           3   408.273438    
           4   6220.69141    
           2   1345.16406    
           3   3602.17188    
           4   5515.70312    
           5   6253.45703    
           2   2393.77344    
           3   2858.29688    
           4  -389.933594    
           5   6999.10156    
           6   10222.3789    
           2   392.851562    
           3   4924.51953    
           4   2071.98828    
           5   4252.85938    
           6   12222.4336    
           2   2576.05078    
           3   4353.76953    
           4   3342.84766    
           5   2979.91797    
           6   8717.23438    
           3   8038.71094    
           4   4340.95312    
           5   1881.89844    
           6   5033.04688    
           7   12630.6875    
           4   6662.46875    
           5   2367.84375    
           6  -1588.37500    
           7   8727.20312    
           8   18414.3750    
           4   7369.80469    
           5   4772.42969    
           6  -785.312500    
           7   2655.84375    
           8   14982.8125    
           4   9435.32812    
           5   5809.25000    
           6  -213.867188    
           7  -140.382812    
           8   7264.08594    
           5   8426.98438    
           6   2132.11719    
           7  -605.031250    
           8   3418.92969    
           9   12847.6172    
           5   9360.92188    
           6   4487.07031    
           7   2158.19531    
           8  -553.789062    
           9   9741.88281    
          10   19960.4453    
           5   12064.5000    
           6   5940.08594    
           7   4253.64844    
           8   1971.53125    
           9   6049.10938    
          10   16822.2109    
           6   6906.06250    
           7   5033.71875    
           8   3068.64062    
           9   5061.51562    
          10   11836.5625    
           6   8011.65625    
           7   6027.84375    
           8   3945.43750    
           9   5028.10938    
          10   9628.40625    
          11   17625.7969    
           6   8797.74219    
           7   6340.37500    
           8   3673.81250    
           9   4569.71875    
          10   4226.93750    
          11   14198.9375    
          12   22979.6094    
           7   6856.56250    
           8   3407.34375    
           9   4912.90625    
          10   4738.87500    
          11   9691.34375    
          12   20087.2344    
           7   7309.09375    
           8   2566.00000    
           9   4372.03125    
          10   3779.90625    
          11   7081.42188    
          12   14259.7812    
           8   2427.10938    
           9   3825.15625    
          10   4278.17188    
          11   5093.71875    
          12   10597.4688    
          13   20539.2656    
           8   3709.01562    
           9   3577.46875    
          10   3263.84375    
          11   4901.17188    
          12   5386.46875    
          13   16198.5156    
          14   25835.5938    
           9   5103.84375    
          10   3594.23438    
          11   4668.25000    
          12   5762.10938    
          13   11526.5312    
          14   22313.0156    
           9   6850.64062    
          10   4663.92188    
          11   4526.84375    
          12   4264.68750    
          13   8849.31250    
          14   16349.1094    
           9   10587.7031    
          10   6858.03125    
          11   5264.39062    
          12   4152.79688    
          13   6253.26562    
          14   12592.4844    
          15   22570.1875    
          10   8680.00000    
          11   6213.73438    
          12   3883.43750    
          13   5759.89062    
          14   6639.42188    
          15   18541.4688    
          16   29156.0938    
          10   10262.1094    
          11   8252.09375    
          12   5420.28125    
          13   5353.40625    
          14   6200.90625    
          15   12709.2188    
          16   25105.2969    
          10   11303.6875    
          11   9825.51562    
          12   6271.65625    
          13   5698.84375    
          14   5332.71875    
          15   10262.0000    
          16   18870.7812    
          11   11452.4219    
          12   8246.03125    
          13   6416.32812    
          14   5561.28125    
          15   8440.28125    
          16   15439.0156    
          17   26249.3438    
          11   12026.9531    
          12   8847.29688    
          13   7379.87500    
          14   4888.56250    
          15   8097.75000    
          16   11557.0938    
          17   22314.6250    
          18   33273.9375    
          11   16172.2344    
          12   10461.0000    
          13   8781.37500    
          14   6230.43750    
          15   7221.03125    
          16   11210.2500    
          17   18432.2812    
          18   29098.0938    
          12   11137.9375    
          13   10726.5625    
          14   6226.06250    
          15   7474.90625    
          16   9649.46875    
          17   15948.1875    
          18   24517.6562    
          13   11599.5312    
          14   8763.81250    
          15   7281.65625    
          16   9863.81250    
          17   13819.7188    
          18   21460.2188    
          19   32568.4062    
          13   13224.2812    
          14   9341.62500    
          15   9493.46875    
          16   8742.12500    
          17   13123.6250    
          18   17319.2188    
          19   28606.1875    
          20   39738.1875    
          13   14295.7812    
          14   11482.1250    
          15   9974.81250    
          16   10726.3438    
          17   12198.7500    
          18   17036.3125    
          19   24895.4375    
          20   35931.3125    
          14   12186.9688    
          15   11384.2812    
          16   10538.7188    
          17   13018.0312    
          18   15148.2812    
          19   21973.4688    
          20   31259.7188    
          15   11677.1875    
          16   11682.8125    
          17   13372.9688    
          18   16063.2500    
          19   19436.3750    
          20   27711.8125    
          21   40371.9062    
          15   12263.3125    
          16   11000.2500    
          17   13663.2188    
          18   15154.5625    
          19   19759.5938    
          20   23147.3438    
          21   36291.9375    
          22   48393.3125    
          15   13629.3125    
          16   12039.0000    
          17   13424.0312    
          18   15725.3438    
          19   19181.7812    
          20   23466.5938    
          21   31740.7500    
          16   11746.1875    
          17   13132.3125    
          18   14406.3750    
          19   18891.8750    
          20   22014.3438    
          21   29451.8125    
          22   39031.0625    
          16   12758.1875    
          17   12918.7500    
          18   14733.1562    
          19   17886.4375    
          20   21855.2188    
          21   27874.4062    
          22   36554.2812    
          17   13724.6875    
          18   13753.5000    
          19   17089.4062    
          20   19845.5000    
          21   26498.4688    
          22   31304.0938    
          17   13050.3750    
          18   13545.1875    
          19   16090.5312    
          20   19420.4688    
          21   24801.5625    
          22   30605.3125    
          23   39583.6250    
          18   12215.3438    
          19   15042.1875    
          20   17360.4375    
          21   23551.8125    
          22   27510.4375    
          23   35667.9375    
          24   45887.5000    
          18   12738.4062    
          19   13901.2188    
          20   16392.8438    
          21   21721.3125    
          22   26627.3125    
          23   33246.7188    
          24   42575.6562    
          19   14666.0938    
          20   14090.0938    
          21   20291.2812    
          22   24259.7188    
          23   31199.7812    
          24   37270.0625    
          19   15022.4062    
          20   14656.3438    
          21   18259.2500    
          22   23380.0625    
          23   29369.0938    
          24   35647.8125    
          25   45271.5625    
          19   16637.4062    
          20   15339.1875    
          21   18384.7500    
          22   20964.1250    
          23   27776.0000    
          24   32799.7812    
          25   41629.0938    
          26   52428.9375    
          20   16140.6562    
          21   19099.9375    
          22   21211.0938    
          23   25689.8125    
          24   31722.2188    
          25   38540.2188    
          26   48500.0000    
          20   17919.0625    
          21   19501.3438    
          22   21274.6875    
          23   25452.0312    
          24   29059.5312    
          25   36648.1250    
          26   43328.9062    
          22   21896.4375    
          23   25266.4375    
          24   28618.6562    
          25   34398.1250    
          26   41717.4688    
          27   51990.8125    
          21   21320.1562    
          22   22179.7500    
          23   25636.7812    
          24   27586.7188    
          25   33396.8438    
          26   38541.0000    
          27   48066.9062    
          28   59558.6875    
          22   23606.0625    
          23   25995.6562    
          24   28229.7188    
          25   32266.6562    
          26   37592.0625    
          27   44591.4688    
          28   55287.1250    
          22   25002.6250    
          23   26794.0000    
          24   28044.6875    
          25   32305.6250    
          26   35873.5312    
          27   43282.0625    
          28   49644.8750    
          23   27743.4375    
          24   29216.7812    
          25   32118.4375    
          26   35931.5312    
          27   41781.2500    
          28   48568.3750    
          29   59371.3125    
          23   29182.8125    
          24   29126.1250    
          25   32377.2500    
          26   34717.2812    
          27   41319.2812    
          28   46595.5625    
          29   56524.6250    
          30   68619.1875    
          23   30261.2500    
          24   30995.9375    
          25   32631.4375    
          26   35262.5000    
          27   40076.9062    
          28   46089.8125    
          29   54390.7500    
          30   65551.8125    
          23   32030.2500    
          24   30998.5625    
          25   33395.4375    
          26   34689.4375    
          27   40101.8750    
          28   44270.0000    
          29   53217.8125    
          30   61538.1250    
          24   32421.5000    
          25   33876.8125    
          26   35714.1250    
          27   39392.1875    
          28   44335.0625    
          29   51446.0000    
          30   60565.2500    
          24   32495.6250    
          25   34867.2500    
          26   35381.5625    
          27   39769.0625    
          28   42694.3750    
          29   50824.5000    
          30   57954.4375    
          31   68566.5000    
          25   35384.7500    
          26   36568.7500    
          27   39359.8125    
          28   43192.2500    
          29   49283.8750    
          30   57463.5000    
          31   66449.8750    
          25   36365.5000    
          26   36440.6250    
          27   39834.6875    
          28   41936.1875    
          29   49068.9375    
          30   55249.8125    
          31   65223.7500    
          32   73748.1875    
          25   36962.0000    
          26   37854.6875    
          27   39966.7500    
          28   42676.5625    
          29   47903.6875    
          30   55316.1875    
          31   63328.0000    
          32   73024.8125    
          26   37562.5000    
          27   41103.3125    
          28   41597.1250    
          29   48027.6875    
          30   53325.0000    
          31   62589.0000    
          32   70065.0625    
          26   38591.8750    
          27   40834.8125    
          28   42198.9375    
          29   47138.1250    
          30   53795.3125    
          31   60765.6250    
          32   69694.5625    
          33   79151.3125    
          27   41895.8125    
          28   41822.3750    
          29   47554.3125    
          30   52137.7500    
          31   60353.5000    
          32   67018.4375    
          33   77922.9375    
          27   41418.9375    
          28   42838.0000    
          29   47037.6875    
          30   52701.3125    
          31   58907.7500    
          32   67020.1875    
          33   75697.1875    
          34   85907.7500    
          28   42646.4375    
          29   48047.0000    
          30   51543.8125    
          31   58629.3750    
          32   64651.5625    
          33   74880.7500    
          28   43846.8750    
          29   47496.6250    
          30   52320.3125    
          31   57695.0625    
          32   64925.8750    
          33   72746.8125    
          28   43580.4375    
          30   51057.7500    
          31   58103.7500    
          32   62839.0000    
          33   72350.9375    
          34   79071.5000    
          35   90626.6875    
          36   99681.9375    
          30   51912.8125    
          31   56831.8750    
          32   63288.8750    
          33   70522.9375    
          34   78997.8750    
          35   88256.1250    
          36   98323.7500    
          30   50751.8750    
          31   56928.6875    
          32   61294.7500    
          33   70093.0625    
          34   76189.6250    
          35   87048.2500    
          36   95354.1250    
          37   107420.875    
          30   51768.1250    
          31   55948.1875    
          32   61602.3125    
          33   68346.0000    
          34   76003.7500    
          35   84701.3750    
          36   94140.9375    
          37   104575.312    
          30   50963.0000    
          31   56281.5625    
          32   59949.8125    
          33   68132.2500    
          34   73627.0625    
          35   83627.0000    
          36   91171.6875    
          37   102485.688    
          30   51833.0625    
          31   55656.8125    
          32   60303.7500    
          33   66495.5000    
          34   73610.3125    
          35   81677.3125    
          36   90344.3125    
          37   100199.188    
          38   110460.875    
          30   51642.6875    
          31   55593.5625    
          32   58966.8750    
          33   66242.2500    
          34   71445.2500    
          35   81084.8750    
          36   87626.2500    
          37   98752.5625    
          38   107599.375    
          31   55453.8750    
          32   59337.1875    
          33   65009.7500    
          34   71479.2500    
          35   79010.6250    
          36   87251.1875    
          37   96443.8750    
          38   106241.812    
          39   116754.062    
          30   52313.3750    
          31   56280.8125    
          32   58328.0000    
          33   64809.3750    
          34   69487.2500    
          35   78401.4375    
          36   84608.7500    
          37   95263.9375    
          38   103235.812    
          31   55722.7500    
          32   59147.3125    
          33   63609.1875    
          34   69408.1875    
          35   76437.8750    
          36   84292.6875    
          37   93062.7500    
          38   102486.125    
          39   112449.812    
          40   123058.750    
          32   58429.1250    
          33   63765.5625    
          34   67673.3750    
          35   75744.3125    
          36   81778.6875    
          37   92096.3125    
          38   99347.3125    
          39   111025.562    
          40   120089.188    
          33   63075.7500    
          34   68130.5000    
          35   73963.1875    
          36   81477.9375    
          37   89859.6875    
          38   98592.4375    
          39   108499.188    
          40   118794.000    
          41   129713.750    
          34   66636.8125    
          35   73669.3750    
          36   79013.0625    
          37   88547.4375    
          38   95646.0000    
          39   106978.125    
          34   68041.5000    
          35   72205.5625    
          36   78693.1250    
          37   86372.0625    
          38   94812.7500    
          39   104453.812    
          40   114544.375    
          41   124946.500    
          34   68715.0625    
          35   73319.6875    
          36   76522.1875    
          37   84786.5000    
          38   91883.7500    
          39   102911.562    
          40   111307.312    
          41   123115.938    
          42   133370.375    
          34   70255.1875    
          35   74136.5000    
          36   77470.3750    
          37   82804.6875    
          38   90773.7500    
          39   99920.6250    
          40   109907.312    
          41   120424.875    
          42   131296.312    
          34   71447.3750    
          35   75093.8125    
          36   77758.8750    
          37   83441.6250    
          38   87838.4375    
          39   98146.1250    
          40   106617.812    
          42   128201.250    
          35   75975.8125    
          36   78802.2500    
          37   83852.8750    
          38   88445.3125    
          39   95094.5625    
          40   105126.812    
          41   115672.188    
          42   126557.750    
          43   138432.438    
          35   77487.6250    
          36   79516.7500    
          37   84535.1250    
          38   88458.2500    
          39   95455.4375    
          40   101817.688    
          41   113602.812    
          42   122866.750    
          43   135628.938    
          35   79016.6875    
          36   80950.3750    
          37   85329.5625    
          38   89327.2500    
          39   95585.5000    
          40   102082.812    
          41   110454.438    
          42   121084.188    
          43   132578.438    
          44   144374.250    
          35   81232.0625    
          36   82127.1875    
          37   86328.6875    
          38   89505.5000    
          39   95927.6250    
          40   101737.938    
          41   110279.812    
          42   117546.938    
          43   130122.375    
          36   84405.3750    
          37   87358.5000    
          38   90551.5625    
          39   96166.5000    
          40   102121.062    
          41   109974.875    
          42   117421.875    
          43   126761.562    
          44   138330.062    
          37   89180.3750    
          38   90898.1250    
          39   96538.0625    
          40   101843.875    
          41   110106.125    
          42   116497.000    
          43   126327.000    
          44   134563.500    
          37   90486.2500    
          38   92594.2500    
          39   97011.7500    
          40   102178.562    
          41   109790.500    
          42   116718.062    
          43   125378.312    
          44   134032.062    
          45   144344.312    
          37   92598.6250    
          38   93565.5000    
          39   98078.5625    
          40   101941.312    
          41   109929.250    
          42   115957.625    
          43   125333.562    
          44   132546.000    
          45   143647.625    
          46   152820.938    
          37   93764.3750    
          38   95431.0000    
          39   99187.8125    
          40   102859.875    
          41   109697.125    
          42   116394.188    
          43   124480.125    
          44   132489.938    
          45   142050.938    
          46   152040.125    
          37   95064.1875    
          38   96126.3125    
          39   100924.750    
          40   103773.438    
          41   110432.438    
          42   115808.812    
          43   124691.188    
          44   131143.938    
          45   141688.000    
          46   150094.312    
          47   162287.938    
          37   96607.1250    
          38   98088.8750    
          39   101922.812    
          40   105425.875    
          41   111091.125    
          42   116829.375    
          43   124002.000    
          44   131391.500    
          45   140270.750    
          46   149645.875    
          47   160217.125    
          38   98264.6875    
          39   102505.562    
          40   105547.625    
          41   111842.250    
          42   116280.062    
          43   124409.000    
          44   130208.562    
          45   140123.250    
          46   147810.562    
          47   159467.500    
          48   168994.625    
          49   182124.312    
          37   98691.9375    
          38   100290.938    
          39   103370.438    
          40   106570.312    
          41   112010.625    
          42   117535.312    
          43   123973.500    
          44   130794.438    
          45   138940.062    
          46   147695.500    
          47   157841.312    
          48   168434.625    
          38   100653.688    
          39   103809.875    
          40   106976.312    
          41   112700.062    
          42   116860.125    
          43   124544.500    
          44   129737.812    
          45   139112.062    
          46   146042.312    
          47   157401.875    
          48   166428.688    
          49   179422.812    
          40   107970.938    
          41   112623.000    
          42   117872.062    
          43   124094.188    
          44   130589.688    
          45   138168.438    
          46   146241.562    
          47   155645.688    
          48   165690.812    
          49   176831.000    
          41   113558.688    
          42   117484.312    
          43   124730.312    
          44   129541.125    
          45   138470.250    
          46   144838.188    
          47   155295.375    
          48   163629.500    
          49   176106.750    
          50   186213.000    
          41   113562.250    
          42   118523.375    
          43   124217.500    
          44   130429.500    
          45   137564.500    
          46   145253.438    
          47   154056.375    
          48   163456.250    
          49   174169.000    
          50   185488.750    
          51   199206.500    
          42   118432.188    
          43   124989.125    
          44   129527.750    
          45   137986.062    
          46   143952.125    
          47   153836.875    
          48   161571.250    
          49   173435.500    
          50   182968.250    
          42   119555.938    
          43   124692.562    
          44   130387.438    
          45   137183.625    
          46   144626.125    
          47   152765.875    
          48   161573.000    
          49   171607.500    
          50   182441.250    
          43   125860.938    
          44   129877.375    
          45   137695.625    
          46   143367.750    
          47   152917.500    
          48   159900.125    
          49   171144.375    
          50   180315.500    
          52   206711.000    
          44   130881.875    
          45   137112.000    
          46   144147.375    
          47   151891.750    
          48   160198.250    
          49   169544.750    
          50   179953.500    
          51   192125.250    
          52   205828.000    
          53   220094.000    
          44   130552.375    
          45   137578.875    
          46   143008.125    
          47   152220.125    
          48   158636.875    
          49   169314.500    
          50   177740.750    
          52   202849.875    
          46   143925.000    
          47   151261.000    
          48   158994.500    
          49   167877.250    
          50   177586.250    
          52   202325.500    
          46   142957.250    
          47   151650.750    
          48   157657.500    
          49   167733.500    
          50   175540.875    
          51   188594.375    
          52   199923.250    
          54   227243.875    
          46   143954.625    
          47   150771.875    
          48   158178.125    
          49   166544.375    
          50   175525.875    
          51   186648.375    
          53   212131.625    
          54   226188.375    
          55   240836.250    
          46   143233.000    
          47   151398.500    
          48   156919.375    
          49   166527.375    
          50   173666.750    
          51   186237.375    
          45   138932.500    
          46   144434.125    
          47   150630.000    
          48   157580.250    
          49   165460.875    
          50   173566.875    
          51   184472.250    
          52   196264.875    
          46   143718.375    
          47   151353.875    
          48   156401.750    
          49   165671.000    
          50   172157.375    
          51   184226.125    
          52   194058.250    
          53   207728.625    
          55   234203.250    
          47   150680.375    
          48   157182.000    
          49   164612.875    
          50   172392.750    
          51   182671.875    
          52   194016.250    
          53   205779.625    
          54   218611.125    
          55   231799.875    
          46   144724.625    
          47   151456.375    
          48   156099.375    
          49   164998.875    
          50   170949.750    
          51   182614.000    
          52   191848.625    
          53   205477.625    
          54   215983.000    
          55   230481.875    
          47   151260.125    
          48   157156.625    
          49   163906.625    
          50   171391.125    
          51   181132.125    
          52   191872.750    
          53   203131.875    
          54   215185.500    
          55   227879.625    
          56   241611.250    
          47   152019.750    
          48   156053.375    
          49   164311.375    
          50   169911.000    
          51   181224.125    
          52   189818.875    
          53   202677.250    
          54   212827.000    
          55   226622.375    
          56   238456.375    
          47   151582.375    
          48   156997.250    
          49   163353.500    
          50   170426.062    
          51   179787.625    
          52   189886.125    
          53   200530.375    
          54   211961.000    
          55   224358.250    
          56   237428.875    
          49   163827.750    
          50   168994.875    
          51   179848.250    
          52   188038.750    
          53   200143.875    
          54   209843.125    
          55   223402.750    
          48   157313.625    
          49   162888.125    
          50   169506.750    
          51   178440.188    
          52   188152.625    
          53   198368.875    
          54   209349.625    
          55   221188.500    
          48   156440.625    
          49   163442.250    
          50   168169.500    
          51   178608.375    
          52   186453.500    
          53   198091.812    
          54   207204.875    
          55   220256.125    
          56   230968.125    
          48   157417.375    
          49   162528.125    
          50   168677.625    
          51   177216.500    
          52   186685.250    
          53   196441.125    
          54   206998.000    
          55   218335.125    
          56   230472.625    
          48   156770.750    
          49   162996.625    
          50   167413.250    
          51   177427.500    
          52   185058.000    
          53   196280.375    
          54   205008.875    
          55   217580.000    
          56   227920.000    
          48   158008.125    
          49   162295.000    
          50   167888.875    
          51   176136.875    
          52   185350.875    
          53   194793.125    
          54   204939.375    
          55   215853.750    
          56   227475.250    
          48   157337.750    
          49   162540.625    
          50   166705.250    
          51   176370.000    
          52   183833.875    
          53   194722.875    
          54   203152.250    
          55   215418.375    
          56   225190.500    
          57   238873.500    
          49   162211.375    
          50   167183.500    
          51   175164.125    
          52   184120.250    
          53   193313.125    
          54   203166.625    
          55   213764.625    
          56   224954.250    
          57   236784.500    
          49   162613.000    
          50   166010.750    
          51   175329.750    
          52   182742.625    
          53   193351.625    
          54   201495.625    
          55   213385.250    
          56   222831.500    
          49   162495.625    
          50   166451.875    
          51   174313.750    
          52   182979.250    
          53   191971.750    
          54   201592.625    
          55   211902.500    
          56   222595.500    
          57   234247.125    
          58   246299.625    
          59   259037.875    
          60   272341.875    
          49   165472.125    
          50   165467.625    
          51   174349.875    
          52   181743.000    
          53   191974.750    
          54   200018.250    
          55   211603.625    
          56   220686.625    
          57   233603.500    
          50   168520.000    
          51   173530.750    
          52   181897.250    
          53   190719.250    
          54   200070.000    
          55   210138.375    
          56   220527.500    
          57   232004.250    
          50   170922.875    
          51   176042.875    
          52   181022.375    
          53   190711.375    
          54   198669.250    
          55   209901.875    
          56   218737.375    
          57   231220.375    
          58   241372.750    
          51   178569.500    
          52   183309.375    
          53   189593.625    
          54   198578.000    
          55   208444.625    
          56   218578.500    
          57   229567.625    
          58   240766.125    
          59   253045.750    
          52   185085.375    
          53   191760.250    
          54   197460.500    
          55   208067.250    
          56   216928.500    
          57   229104.000    
          58   238821.000    
          59   252035.500    
          60   263212.375    
          61   277936.625    
          52   187485.625    
          53   193279.125    
          54   199534.125    
          55   206886.750    
          56   216630.875    
          57   227548.500    
          58   238474.750    
          59   250275.500    
          60   262470.750    
          62   289204.875    
          53   195174.625    
          54   200474.000    
          55   208730.500    
          56   215266.125    
          57   226836.750    
          58   236500.500    
          59   249568.375    
          53   196979.375    
          54   202784.500    
          55   209744.375    
          56   216952.750    
          57   225459.750    
          58   235965.250    
          59   247726.375    
          60   259553.000    
          61   272489.250    
          62   285496.125    
          54   203930.500    
          55   211394.125    
          56   217570.750    
          57   226864.375    
          58   234315.000    
          59   246862.500    
          60   257113.125    
          61   271137.750    
          62   282950.250    
          63   298208.875    
          54   206262.000    
          55   212609.000    
          56   219265.375    
          57   227373.125    
          58   235603.125    
          59   245167.500    
          60   256547.250    
          61   269242.375    
          62   282154.750    
          63   295923.625    
          54   207422.875    
          55   214387.750    
          56   219949.625    
          57   228578.625    
          58   235776.875    
          59   246196.250    
          60   254568.625    
          61   267949.250    
          62   279406.000    
          63   294393.000    
          55   215673.625    
          56   221801.250    
          57   229356.750    
          58   237154.125    
          59   246336.375    
          60   255466.500    
          61   265993.500    
          62   278342.375    
          63   291945.000    
          64   305703.625    
          55   217696.875    
          56   222562.875    
          57   230762.500    
          58   237402.625    
          59   247256.250    
          60   255286.500    
          61   266641.375    
          62   275968.625    
          63   290156.500    
          55   219109.500    
          56   224068.250    
          57   231416.250    
          58   239003.250    
          59   247600.500    
          60   256353.000    
          61   266502.500    
          62   276535.250    
          63   288040.125    
          64   301368.250    
          55   221048.375    
          56   225450.000    
          57   233139.750    
          58   239247.750    
          59   248884.000    
          60   256221.500    
          61   267218.125    
          62   276049.000    
          63   288318.125    
          64   298587.500    
          65   314114.125    
          66   327377.875    
          55   222604.125    
          56   226700.500    
          57   233674.000    
          58   240894.750    
          59   249202.625    
          60   257557.875    
          61   267137.250    
          62   276825.000    
          63   287895.750    
          64   298868.875    
          65   311702.250    
          66   325730.750    
          55   224656.750    
          56   228392.500    
          57   235518.875    
          58   241347.000    
          59   250425.875    
          60   257464.250    
          61   268016.375    
          62   276403.125    
          63   288406.625    
          64   298103.750    
          65   311644.625    
          66   322952.125    
          58   242892.500    
          59   250763.500    
          60   258870.500    
          61   268129.625    
          62   277452.750    
          63   287988.000    
          64   298586.250    
          65   310953.625    
          66   322940.125    
          67   336573.625    
          58   243219.875    
          59   251808.375    
          60   258541.375    
          61   269116.750    
          62   276986.625    
          63   288633.875    
          64   297884.500    
          65   310825.625    
          66   321739.000    
          59   251614.750    
          60   259476.250    
          61   268445.250    
          62   278122.125    
          63   288362.625    
          64   298595.875    
          65   310383.875    
          66   321928.500    
          67   335180.875    
          60   259072.500    
          61   268911.500    
          62   277192.000    
          63   288931.000    
          64   297805.375    
          65   310568.125    
          66   320778.500    
          67   335010.125    
          68   346637.375    
          60   259911.625    
          61   268433.625    
          62   277873.750    
          63   287848.000    
          64   298573.375    
          65   309845.000    
          66   321177.625    
          67   333929.500    
          68   346574.500    
          69   360576.625    
          60   260199.875    
          61   268869.625    
          62   277049.750    
          63   288097.000    
          64   297281.625    
          65   310095.625    
          66   319934.750    
          67   333871.250    
          68   344911.000    
          60   260996.375    
          61   269073.500    
          62   277618.125    
          63   287225.000    
          64   297674.375    
          65   308665.000    
          66   320396.125    
          67   332601.625    
          68   345020.500    
          69   358631.750    
          61   269837.500    
          62   277341.750    
          63   287402.375    
          64   296551.500    
          65   308721.000    
          66   318829.875    
          68   343251.125    
          69   358307.375    
          70   370311.000    
          62   278111.625    
          63   287053.625    
          64   296841.125    
          65   307525.000    
          66   318965.250    
          67   331081.000    
          68   343626.250    
          69   356625.875    
          70   370120.000    
          71   384527.500    
          62   278356.250    
          63   287578.875    
          64   296134.875    
          65   307535.250    
          66   317591.000    
          67   330955.125    
          70   368066.125    
          63   287597.125    
          64   296668.375    
          65   306765.875    
          66   317680.750    
          67   329548.875    
          68   341829.375    
          69   354671.250    
          70   368123.375    
          71   382096.750    
          64   296273.250    
          65   307003.875    
          66   316599.250    
          67   329483.375    
          68   340217.125    
          69   354368.500    
          72   394173.000    
          64   296949.750    
          65   306493.875    
          66   316890.000    
          67   328225.125    
          68   340192.250    
          69   352808.500    
          72   393867.125    
          73   408759.375    
          64   296991.125    
          65   306651.000    
          66   316008.125    
          67   328188.625    
          68   338734.375    
          69   352595.500    
          72   391559.625    
          65   306680.500    
          66   316312.125    
          67   327226.125    
          68   338841.875    
          69   351181.000    
          70   363945.875    
          71   377433.125    
          73   405911.500    
          65   307411.000    
          66   315796.250    
          67   327259.375    
          68   337567.250    
          69   351001.875    
          74   418502.500    
          66   316491.375    
          67   326540.875    
          68   337753.250    
          69   349683.500    
          70   362284.750    
          71   375542.000    
          74   418019.250    
          75   433480.250    
          66   316423.000    
          67   326838.250    
          68   336674.625    
          69   349624.000    
          70   360626.500    
          71   375028.125    
          74   415585.125    
          66   317254.625    
          67   326656.125    
          68   336906.875    
          69   348419.750    
          70   360644.875    
          71   373554.000    
          67   327173.875    
          68   336360.750    
          69   348376.375    
          70   359240.625    
          71   373069.625    
          76   443468.750    
          66   318391.250    
          67   327320.000    
          68   336864.125    
          69   347693.375    
          70   359296.000    
          71   371796.750    
          72   384790.750    
          76   442945.375    
          77   458909.625    
          67   328030.750    
          68   336665.625    
          69   347734.125    
          70   358298.500    
          71   371543.500    
          76   440384.500    
          67   328473.375    
          68   337334.125    
          69   347431.000    
          70   358441.000    
          71   370545.375    
          68   337400.000    
          69   347670.875    
          70   357725.375    
          71   370450.375    
          72   381782.000    
          73   395949.250    
          78   469181.500    
          69   347745.000    
          70   357956.000    
          71   369661.000    
          78   468595.250    
          79   485057.000    
          69   348386.625    
          70   357632.875    
          71   369622.500    
          72   380732.375    
          73   394243.500    
          78   465920.375    
          69   348734.500    
          70   358254.250    
          71   369217.500    
          72   380866.500    
          69   349781.125    
          70   358375.250    
          71   369495.750    
          72   380081.750    
          73   393278.125    
          80   495449.625    
          70   359103.000    
          71   369527.500    
          72   380389.250    
          73   392451.125    
          80   494738.250    
          70   359156.375    
          71   369918.000    
          72   379983.000    
          73   392375.375    
          74   403715.125    
          75   417934.375    
          76   430581.875    
          80   491942.125    
          71   370075.500    
          72   380417.125    
          73   391816.250    
          74   403706.000    
          75   416790.375    
          71   370652.250    
          72   380093.750    
          73   391824.000    
          74   402747.000    
          75   416516.750    
          72   380783.500    
          73   391428.250    
          74   402834.875    
          75   415339.250    
          76   428637.625    
          77   442574.875    
          72   380981.375    
          73   391869.000    
          74   402065.500    
          75   415226.000    
          76   427242.500    
          77   442238.875    
          78   455364.375    
          82   518551.750    
          72   381925.625    
          73   391964.375    
          74   402493.250    
          75   414201.250    
          72   382415.500    
          73   392710.125    
          74   402223.750    
          75   414452.375    
          76   425911.250    
          77   440303.125    
          73   392964.000    
          74   402942.875    
          75   414037.875    
          76   426136.000    
          78   453228.375    
          79   467692.750    
          73   393903.375    
          74   402742.250    
          75   414447.625    
          76   425240.625    
          77   439315.250    
          78   451678.500    
          79   467158.375    
          80   480477.750    
          74   403607.500    
          75   414193.375    
          76   425650.375    
          77   438174.375    
          74   403623.375    
          75   414768.500    
          76   424876.625    
          77   438307.750    
          78   450171.875    
          74   404943.125    
          75   414697.125    
          76   425513.000    
          77   437437.750    
          78   450367.375    
          74   404754.250    
          75   415347.125    
          76   424789.875    
          77   437782.250    
          78   448891.500    
          79   463466.625    
          82   506163.375    
          75   415311.250    
          76   425449.250    
          77   436890.000    
          78   449235.375    
          79   461961.375    
          80   475619.125    
          76   424818.125    
          77   437221.500    
          78   447845.750    
          79   461868.125    
          76   425515.875    
          77   436485.875    
          78   448228.250    
          79   460560.000    
          80   473740.000    
          76   425194.250    
          77   436811.500    
          78   446999.875    
          79   460363.250    
          80   471995.750    
          84   533201.500    
          76   426058.875    
          77   436476.000    
          78   447395.000    
          79   459241.750    
          80   471948.375    
          76   425995.000    
          77   436905.125    
          78   446474.000    
          79   459208.375    
          80   470469.250    
          77   436764.000    
          78   446994.250    
          79   458244.875    
          80   470399.750    
          81   483718.000    
          83   513510.250    
          78   446302.000    
          79   458206.750    
          80   469127.125    
          81   483343.000    
          83   512705.125    
          86   560672.500    
          77   437249.875    
          78   446982.500    
          79   457592.875    
          80   469042.875    
          81   481980.500    
          82   495939.875    
          83   510968.875    
          78   446433.375    
          79   457703.750    
          80   468086.500    
          81   481649.500    
          82   494275.750    
          83   510458.375    
          78   447334.125    
          79   457324.375    
          80   468303.500    
          81   480623.500    
          82   493952.625    
          83   508824.500    
          85   540380.250    
          79   457466.125    
          80   467487.250    
          81   480303.500    
          82   492509.750    
          83   508303.000    
          85   539522.750    
          79   457361.250    
          80   467812.750    
          81   479495.375    
          82   492242.125    
          83   506866.000    
          84   522072.250    
          85   537696.250    
          80   467124.750    
          81   479262.125    
          82   490989.750    
          83   506427.750    
          84   520450.750    
          85   537115.000    
          80   467650.250    
          81   478624.875    
          82   490782.750    
          83   505200.750    
          84   520041.000    
          85   535492.750    
          87   567892.500    
          80   467603.250    
          81   478417.250    
          82   489702.750    
          83   504790.500    
          84   518664.500    
          85   534911.750    
          87   566969.750    
          80   470329.875    
          81   478349.000    
          82   489362.250    
          83   503803.000    
          84   518360.000    
          85   533524.000    
          86   548996.500    
          87   565181.250    
          81   480734.000    
          82   488872.750    
          83   503415.750    
          84   517173.000    
          85   533041.500    
          86   547451.250    
          87   564536.500    
          81   482434.000    
          82   491210.500    
          83   502934.250    
          84   516806.250    
          85   531880.500    
          86   547007.000    
          87   562973.750    
          89   596147.750    
          81   484811.500    
          82   492777.500    
          83   504704.500    
          84   516222.500    
          85   531418.000    
          86   545695.500    
          87   562393.250    
          89   595158.000    
          82   495105.750    
          83   506421.500    
          84   518145.500    
          85   530847.250    
          86   545270.250    
          87   561019.500    
          88   576774.500    
          89   593435.000    
          82   496605.750    
          83   508342.000    
          84   519085.500    
          85   532381.750    
          86   544568.250    
          87   560471.750    
          88   575275.250    
          89   592764.500    
          83   509890.000    
          84   521082.500    
          85   533392.750    
          86   546131.000    
          87   559753.250    
          88   574732.500    
          89   591239.500    
          91   625117.000    
          82   500380.000    
          83   511981.250    
          84   522016.250    
          85   534972.000    
          86   546577.750    
          87   561044.250    
          88   573889.250    
          89   590572.250    
          91   624077.500    
          83   513439.250    
          84   524116.250    
          85   535949.250    
          86   548205.500    
          87   561489.750    
          88   575123.500    
          89   589648.750    
          90   605227.750    
          91   622378.500    
          84   525067.500    
          85   537717.250    
          86   548573.500    
          87   562730.250    
          88   575145.500    
          89   590669.250    
          90   604190.500    
          91   621620.250    
          85   538587.000    
          86   550334.500    
          87   563101.500    
          88   576414.000    
          89   590597.500    
          90   605068.500    
          91   620540.500    
          84   528201.750    
          85   540427.750    
          86   550712.000    
          87   564299.250    
          88   576310.500    
          89   591503.000    
          90   604707.750    
          91   621237.250    
          85   541468.500    
          86   552569.750    
          87   564776.750    
          88   577600.750    
          89   591454.500    
          90   605673.250    
          91   620671.000    
          92   635937.500    
          86   553048.750    
          87   565971.000    
          88   577490.250    
          89   592291.000    
          90   605194.500    
          91   621496.750    
          87   566565.000    
          88   578613.000    
          89   592165.250    
          90   606206.000    
          91   620907.250    
          86   555514.500    
          87   567854.000    
          88   578852.750    
          89   592782.750    
          90   605664.750    
          87   568566.750    
          88   580083.000    
          89   592970.000    
          90   606462.000    
          91   620986.000    
          92   635702.750    
          87   569933.000    
          88   580438.000    
          89   593780.500    
          90   606152.500    
          91   621240.000    
          92   634956.250    
          87   570705.000    
          88   581803.000    
          89   594048.500    
          90   606961.250    
          91   620865.250    
          92   635433.500    
          93   650801.250    
          87   572180.000    
          88   582128.250    
          89   595010.250    
          90   606795.250    
          91   621152.250    
          92   634647.250    
          87   572950.500    
          88   583723.250    
          89   595295.750    
          90   607792.750    
          91   620995.500    
          92   635008.750    
          93   650032.750    
          88   584024.500    
          89   596517.250    
          90   607585.500    
          91   621560.000    
          92   634350.750    
          94   664092.250    
          88   585501.250    
          89   596928.500    
          90   608670.500    
          91   621462.500    
          92   634900.250    
          93   649236.250    
          94   664283.000    
          88   586040.250    
          89   597878.000    
          90   608663.750    
          91   622098.750    
          92   634313.000    
          93   649355.750    
          94   663134.000    
          89   598746.250    
          90   609775.000    
          91   622159.500    
          92   634963.750    
          93   648849.000    
          89   599949.500    
          90   610012.625    
          91   622925.250    
          92   634656.250    
          94   662502.500    
          90   611347.750    
          91   623163.250    
          92   635306.250    
          93   648697.000    
          94   662822.250    
          90   611723.000    
          91   624155.500    
          92   635313.250    
          93   649136.750    
          94   662184.750    
          90   613309.500    
          91   624729.750    
          92   636315.250    
          93   649092.500    
          94   662543.250    
          91   625775.750    
          92   636511.000    
          93   649746.000    
          94   662212.000    
          91   626552.500    
          92   637577.625    
          93   649996.125    
          94   662812.000    
          95   676528.000    
          91   627605.750    
          92   638056.125    
          93   650789.750    
          94   662725.125    
          95   676894.250    
          96   690409.250    
          92   639339.125    
          93   651291.500    
          94   663446.750    
          95   676788.750    
          92   639934.500    
          93   652412.000    
          94   663716.375    
          95   677286.750    
          96   690332.250    
          93   652892.000    
          94   664737.250    
          95   677535.250    
          96   690785.750    
          94   665123.375    
          95   678346.625    
          96   690789.250    
          98   719563.000    
          94   666248.500    
          95   678760.625    
          96   691530.875    
          97   705467.500    
          94   666817.500    
          95   679642.250    
          96   691594.250    
          97   705936.000    
          98   719419.500    
          94   668102.500    
          95   680263.000    
          96   692403.500    
          97   705919.375    
          94   668811.250    
          95   681430.750    
          96   692703.250    
          97   706421.000    
          98   719531.375    
         100   749607.750    
          96   693774.000    
          97   706706.000    
          98   720002.000    
          96   694214.250    
          98   719959.250    
         100   749218.000    
          96   695628.750    
          97   707972.000    
          98   720769.250    
          96   696347.000    
          97   709214.250    
          98   720961.500    
         100   749002.750    
          96   697964.000    
          97   710052.750    
          98   722146.000    
          99   735386.750    
         100   749405.250    
          98   722687.750    
          99   736478.250    
         100   749146.750    
         102   779602.750    
          98   724077.750    
          99   736920.000    
         100   750064.500    
          98   724658.500    
          99   738103.500    
         100   750425.000    
         102   779178.750    
          99   738822.000    
         100   751606.500    
         101   765406.750    
         102   779858.000    
         100   751995.750    
         101   766550.750    
         102   779796.000    
         104   810426.000    
         100   753286.250    
         101   766712.000    
         102   780647.250    
         101   767673.500    
         106   842269.000    
         108   874825.250    
