           3           2
           5           3
           7           4
           9           5
          10           6
          12           7
          14           8
          16           9
          18          10
          20          11
          21          12
          23          13
          25          14
          27          15
          29          16
          31          17
          33          18
          35          19
          37          20
          39          21
          41          22
          43          23
          45          24
          47          25
          48          26
          50          27
          52          28
          54          29
          56          30
          58          31
          60          32
          62          33
          64          34
          66          35
          68          36
          70          37
          72          38
          74          39
          76          40
          78          41
          80          42
          82          43
          84          44
          86          45
          88          46
          90          47
          92          48
          94          49
          96          50
          98          51
         100          52
         102          53
         104          54
         106          55
         108          56
         111          57
         113          58
         115          59
         117          60
         119          61
         121          62
         123          63
         125          64
         127          65
         129          66
         131          67
         133          68
         135          69
         137          70
         139          71
         141          72
         143          73
         145          74
         147          75
         150          76
         152          77
         154          78
         156          79
         158          80
         160          81
         162          82
         164          83
         166          84
         168          85
         170          86
         172          87
         175          88
         177          89
         179          90
         181          91
         183          92
         185          93
         187          94
         189          95
         191          96
         193          97
         195          98
         198          99
         200         100
         202         101
         204         102
         206         103
         208         104
         210         105
         212         106
         214         107
         217         108
         219         109
         221         110
         223         111
         225         112
         227         113
         229         114
         231         115
         234         116
         236         117
         238         118
         240         119
         242         120
         244         121
         246         122
         248         123
         251         124
         253         125
         255         126
         257         127
         259         128
         261         129
         263         130
         266         131
         268         132
         270         133
         272         134
         274         135
         276         136
         278         137
         281         138
         283         139
         285         140
         287         141
         289         142
         291         143
         294         144
         296         145
         298         146
         300         147
         302         148
         304         149
         307         150
         309         151
         311         152
         313         153
         315         154
         317         155
         320         156
         322         157
         324         158
         326         159
         328         160
